function setup() {
  createCanvas(600, 600);
}

function draw() {
  background(20, 150, 200);

fill(220, 150, 155);
ellipse(260, 375, 190, 200);

fill(255, 255, 255);
arc(200, 375, 60, 40, 0, radians(360));
arc(300, 375, 60, 40, 0, radians(360));

fill(20, 75, 125);
arc(200, 375, 30, 30, 0, radians(360));
arc(300, 375, 30, 30, 0, radians(360));

fill(220, 220, 0);
arc(257, 360, 192, 165, 180, 0);
arc(180, 320, 100, 75, 150, 360);

fill(220, 150, 155)
arc( 250, 410, 100, 75, 252, 247);

fill( 255, 255, 255)
ellipse( 70, 120, 400, 150)
ellipse( 200, 170, 200, 75)
ellipse( 600, 200, 400, 100)
  
fill(80, 100, 100);
quad(115, 470, 105, 800, 410, 800, 395, 470);
line(165, 540, 175, 800);
line(350, 540, 340, 800)

strokeWeight(6)

}